1111100011101110001001101111100010011011111000100110111110001
0011011111000100110111110001001101111100010011011111000100110
1111100010011011111000100110111110001001101111100010011011111
0001001101111100010011011111000100110111110001001101111100010
0110111110001001101111100010011011111000100110111110001001101
1111000100110111110001001101111100010011011111000100110111110
0010011011111000100110111110001001101111101110111110001001101
1111000100110111110001001101111100010011011111000100110111110
0010011011111000100110111110001001101111100010011011111000100
1101111100010011011111000100110111110001001101111100010011011
1110001001101111100010011011111000100110111110001001101111100
0100110111110001001101111100010011011111000100110111110001001
1011111000100110111010011011111000100110111110001001101111100
0100110111110001001101111100010011011111000100110111110001001
1011111000100110111110001001101111100010011011111000100110111
1100010011011111000100110111110001001101111100010011011111000
1001101111100010011011111000100110111110001001101111100010011
0111110001001101111100010011011111000100110111110001001101111
1000100110111110001110111000100110
