19:11 111111001111000100110
11111000100110
11111000100110
1:23 111110001110110010110
12:4 111110111111011111010
20:12 111110000101100100110
11111000100110
11111000100110
23:15 111011100110000100110
11111000100110
11111000100110
19:11 111111001111000100110
11111000100110
11111000100110
25 111110011100000100110
11111000100110
11111000100110
7 111110011111011100110
18 111000111011000100110
26 111110001011010000110
11111000100110
11111000100110
29 111111000011011100110
11111000100110
11111000100110
25 111110011100000100110

